0.495023
0.440710
0.435729
0.379017
0.404315
0.306075
0.464792
0.303550
0.450020
0.459432
0.437404
0.449092
0.463033
0.445520
0.436466
0.412268
0.475080
0.464642
0.466852
0.431695
0.448577
0.388517
0.425958
0.455227
0.393169
0.432730
0.423329
0.379825
0.428800
0.469655
0.409585
0.410471
0.444354
0.451925
0.382111
0.435958
0.490553
0.379815
0.304535
0.436953
0.459704
0.447245
0.457823
0.424556
0.446337
0.510450
0.290326
0.450953
0.283473
0.424930
0.460449
0.407612
0.311307
0.383947
0.485182
0.332102
0.334095
0.476279
0.463355
0.456481
0.462730
0.419946
0.477278
0.447092
0.452375
0.353715
0.436712
0.370674
0.478690
0.456553
0.336132
0.483867
0.449677
0.446921
0.475141
0.458332
0.290277
0.429529
0.431894
0.391449
0.420743
0.441691
0.494701
0.417448
0.399698
0.429063
0.377197
0.344062
0.420664
0.373314
0.462907
0.443625
0.456497
0.424462
0.442807
0.391777
0.376138
0.471480
0.420182
0.420133
